736.377014
656.598816
736.377014
736.377014
509.68399
771.604919
473.484863
535.331909
736.919678
753.579468
736.377014
736.377014
732.600708
753.579468
663.129944
646.412415
736.919678
724.112915
736.919678
736.919678
790.513855
511.247437
593.119812
726.744141
726.744141
753.579468
762.776489
506.072876
506.072876
473.709137
464.03714
639.795288
736.377014
736.919678
771.604919
736.377014
790.513855
811.029968
541.711792
736.919678
736.919678
736.919678
726.744141
744.601624
726.744141
726.744141
736.919678
736.919678
736.919678
705.716248
736.377014
744.601624
744.601624
458.295166
460.829468
463.392029
460.829468
504.540863
736.377014
726.744141
736.919678
732.600708
744.601624
790.513855
736.919678
771.604919
753.579468
736.377014
726.216431
790.513855
736.377014
811.029968
726.216431
726.216431
753.579468
736.377014
771.604919
782.472595
762.776489
782.472595
762.776489
744.047607
744.047607
762.776489
744.047607
762.776489
762.776489
709.219849
790.513855
450.856628
435.9198
811.029968
740.740723
726.744141
1000.0000
463.821899
448.229492